+91 8287950161
+91 9606452112
+91 9719327225
+91 7287602456
+91 7788695592
+61 7360743316
+91 9595114767
+61 8157031655
+61 8548030177
+61 8738335948
+61 8637265311
+91 7061075028
+91 7647946698
+91 9563400244
+61 7945711806
+61 7801182113
+61 8711872753
+61 8586066642
+61 8026316230
+61 9449039255
+91 9068435400
+91 9237229436
+61 7507366617
+91 9617409682
+91 8074539382
+61 9066050971
+91 8307888678
+91 7443119907
+61 8575058451
+61 9838822982
+61 7412918558
+61 8627513055
+91 7934866347
+91 8463845384
+91 9757038739
+91 8031524440
+91 7492994724
+61 8652152778
+91 9292729723
+91 8860077818
+61 9191883271
+91 8552506990
+61 9655807729
+61 8728437294
+91 7920432347
+61 8141263052
+91 7985654327
+91 7428176002
+61 9817922918
+91 7321770071
+61 7594264643
+91 7412626842
+91 9817323906
+91 7070155691
+91 9223979081
+61 8836637469
+61 7385440359
+61 8916167929
+91 8186721735
+91 7263179072
+61 9998792708
+91 7539871179
+91 9602216105
+61 9075522285
+91 9467071651
+61 8591921974
+61 7008816280
+61 8166118066
+91 9471488014
+61 8605150266
+91 9003377433
+61 8464460493
+61 8419983073
+91 9809371149
+61 7046442040
+61 7491367644
+61 9837763325
+91 9317985205
+61 7777265982
+91 7631881295
+91 9543352694
+91 9941164726
+91 7238993827
+61 8466386113
+61 8293631869
+61 8868856409
+91 9517755488
+61 9329511081
+61 9072853229
+91 8104037408
+61 7387205297
+91 8703835214
+91 8749787753
+61 7313530626
+91 9869238467
+91 9541890865
+91 7761207371
+91 8534834090
+91 9127496702
+61 9279630036
+61 7098500993
+91 9701659058
+61 9333321488
+61 7305361036
+61 8107786263
+91 9147863432
+61 7410360499
+91 7693486281
+91 7728252648
+61 9839624253
+61 8588565530
+61 8344336570
+91 7162697684
+61 7320127101
+61 7927160857
+91 7475261166
+61 9521882455
+61 8307730614
+61 7729520758
+61 9964807553
+91 9114271958
+61 7856681471
+91 8585965992
+61 9013787936
+91 8154264243
+91 8821188050
+61 8745572759
+91 9664461988
+91 9101618113
+91 9743231539
+61 8461253581
+91 9921241820
+91 7503063948
+91 9167583241
+91 9984546635
+91 8862601530
+61 8403005748
+91 9417518710
+61 9352732585
+91 9558783335
+61 8801689316
+91 9476639532
+61 9923396925
+61 9787768849
+61 8273409970
+91 8820971248
+61 7322502403
+91 7417700606
+61 7405872207
+61 7483761218
+91 7303582067
+91 7698748446
+91 8875558928
+91 8090387785
+91 9999851527
+91 7539657902
+91 7304081211
+91 9663273927
+61 7950988544
+91 9464283295
+91 9101736091
+61 7504221792
+91 9501513006
+91 7952742784
+91 9161807302
+91 9343659402
+91 9915231327
+61 8223876441
+91 8741804541
+91 9826647482
+61 7087934406
+91 7574302410
+91 8495675506
+91 7054648998
+61 9341338231
+91 8602859159
+61 7921596437
+91 7363379874
+91 7639428174
+61 9803747300
+91 8621322941
+91 7386200985
+61 8402914877
+91 8246039126
+61 7766274587
+61 9285624835
+91 9618997047
+61 7603898993
+91 8183278890
+91 9015841493
+61 8905079554
+61 7661073747
+91 9504246728
+61 7445296915
+61 8060191463
+61 8013376273
+91 7602007106
+61 8996885206
+61 7735776294
+91 9984867341
+91 7456057082
+91 9230341328
+91 8655444449
+61 9796642015
+61 9219322383
+61 8479760111
+61 9607960755
+91 8357130733
+61 8464087784
+61 9764779517
+61 9791437263
+61 8944296502
+61 8952210975
+91 8018752407
+61 8033486499
+61 8765461033
+91 9652480129
+61 8271935279
+91 9827395431
+61 9848991647
+91 9960794950
+91 8985375600
+91 9018091158
+91 8033520112
+91 7566285356
+61 9298377057
+61 9663495252
+61 7574384082
+91 8778542529
+91 9077447324
+61 7815932486
+91 7818191406
+91 9449983711
+91 8282553098
+91 9788006484
+61 9658124603
+91 8554444541
+91 7390020748
+91 7771471321
+91 9117253886
+91 9360096118
+61 7264951284
+91 8031119473
+91 7888872971
+61 7511503860
+91 9128600969
+91 9477101881
+91 9350402777
+91 8622103091
+61 7559304672
+91 9059545734
+61 7307916480
+61 8967734157
+91 8320496219
+61 9570958531
+61 9539545707
+91 9844632174
+91 8999984411
+91 9194092627
+91 8665736005
+91 8863567214
+61 9342211235
+91 8702571772
+61 9375571549
+61 9576462550
+61 8122751752
+91 8779315230
+91 8802396679
+91 7823595808
+91 7770083664
+91 7674635585
+61 8821940618
+61 9568715021
+61 7731416485
+61 8841439347
+61 7719595583
+91 9128687493
+61 7787113873
+61 9903384533
+61 7229547043
+91 9740158352
+61 9148968523
+61 9179357650
+61 9331843593
+61 8169967818
+61 7725441522
+91 9202890849
+61 9889619533
+61 9870512081
+61 9973274137
+61 9978664690
+61 8331674551
+91 9451005782
+91 8479444228
+91 9400692267
+91 8025404877
+61 7592574700
+61 7781047744
+91 7714589588
+61 7136068189
+61 7026425979
+61 8493700014
+61 9425750434
+61 7557633490
+61 9017842696
+61 8116408684
+91 9588993934
+61 7215825547
+61 7279729607
+61 9582574317
+61 9000587870
+61 9186854243
+91 7737102407
+61 9504136599
+91 7558347666
+91 9214632903
+61 7711244751
+91 8397830867
+91 7049465470
+61 9108750108
+91 8450695675
+61 7076369054
+91 9193244112
+61 9140630367
+91 8442476926
+61 9658593647
+61 8485013898
+61 8688495282
+91 9315168661
+91 9551607644
+91 8542475131
+61 8779137514
+61 7265234855
+91 7150443603
+61 9209349302
+61 8585812492
+61 8762415653
+61 7942884742
+91 7695852694
+91 7219682267
+61 8020743208
+61 8944774885
+91 7549758135
+61 8621543222
+61 9862853951
+61 9345826585
+91 9345664577
+91 9589869774
+91 7743788830
+91 8592262277
+61 9305346509
+61 8676433142
+91 9333913708
+91 7524857914
+91 9916038627
+91 7823340109
+61 7743772340
+91 9955616299
+61 8481022476
+91 9746050319
+91 9581880266
+91 9207309255
+61 7033969501
+91 7608312438
+61 7896678055
+91 9403831818
+91 8166653398
+91 9072826296
+61 7093762087
+91 7668695679
+61 9564392949
+61 8571953259
+61 9157994025
+91 9663902965
+91 9583219598
+91 8068588086
+61 8096612308
+61 9724583441
+91 7547445344
+91 7278442106
+91 7201739016
+91 7597239617
+91 7145776346
+91 7241957867
+61 9756709859
+61 7007385949
+91 7544195634
+61 7731785115
+61 9806140762
+61 9398973477
+91 8860260126
+61 9682361444
+61 9165128994
+61 8813019921
+91 9824508954
+61 7163834566
+91 8698737501
+61 9892618352
+91 8209842916
+61 9361234398
+91 9900636043
+91 7277306324
+61 7314015316
+61 8799198206
+91 9993934204
+91 9258344958
+91 8875575537
+61 8162788721
+91 7978133760
+61 7896208464
+91 8342104138
+91 8577255991
+91 7842145317
+61 7329797771
+91 8715873198
+61 9677672056
+61 7031955821
+91 8813241077
+91 8685862897
+91 8306643094
+91 7530795915
+61 9001635726
+61 8913797827
+61 9709600232
+61 8816260409
+91 7596959457
+91 7014153319
+91 7896680028
+61 7435078950
+61 7501347466
+61 7373649224
+91 7345198144
+61 8516811517
+91 8706684786
+61 9068450819
+91 9910569830
+61 8395870294
+61 8650075586
+61 9379084681
+91 9678356034
+91 8162852892
+61 7871910150
+91 8201891853
+91 7853705367
+91 9583018678
+61 7231423404
+61 7378701215
+91 7448962035
+91 7854618829
+91 7110961933
+91 7447866139
+61 7664018281
+91 7753608720
+91 8953461154
+61 9228185249
+91 9155871354
+91 9884378894
+91 7607378462
+61 9229069948
+91 8141100481
+61 8870336759
+61 7814451422
+61 7493887684
+91 9663972415
+91 9970987172
+61 7535556675
+91 7215085238
+61 7450823499
+61 7324492332
+91 7751196238
+61 9094035788
+61 9499956589
+91 7569089151
+91 9260022614
+91 7337913983
+91 7507858535
+61 8801318053
+61 7353542527
+91 9614430597
+91 7048670661
+91 8422437527
+61 7509202071
+61 7547307778
+61 7621474200
+91 9164424093
+61 7500568513
+91 7438336640
+91 8213630527
+61 9841843889
+61 8966617493
+91 7035453736
+91 7456864190
+61 8854451389
+61 7035274149
+61 7608641754
+91 7577837806
+61 7000398983
+61 7608705891
+61 9785002037
+61 9401818067
+91 7656950686
+91 7457248993
+91 7490435506
+61 9805552608
+91 8238139417
+91 8809607119
+61 7727561910
+91 9747978871
+91 8610313418
+61 9811197998
+61 7051884364
+61 9704535054
+61 9679229845
+91 8134787823
+91 9807009638
+91 7744740886
+91 8186690133
+61 9512743658
+61 8573104826
+91 9647704429
+61 7034835465
+61 8715604275
+91 9902571303
+91 8480045061
+61 8887869178
+91 8406365718
+91 8309169311
+91 7715348456
+61 7702557151
+61 7599573783
+61 8737473214
+61 8377654008
+61 7591745020
+61 8959196706
+61 7749199659
+91 9237522399
+91 8052954085
+61 8824163179
+91 8958331604
+61 8104190338
+91 8892135585
+61 8967937224
+61 7906075871
+61 8153282593
+61 9713684604
+61 9417706369
+61 7639721232
+61 8125753066
+61 7708987758
+91 7672934279
+91 7986851690
+91 8464388365
+61 8513643614
+61 9742062751
+91 9003853976
+61 8102182519
+61 8026760744
+91 9083690909
+61 8964634161
+91 9886578616
+91 7603576863
+91 8564539399
+91 8490013964
+91 9587592426
+91 7465589060
+61 9165106581
+61 8342145526
+61 8136982061
+91 8542804350
+61 8451823891
+91 9640072064
+61 8432748375
+91 9695443440
+91 8429127589
+91 7122676736
+61 9318262927
+91 7120153836
+61 9899767698
+61 7884437947
+91 7042445903
+91 9711764219
+61 7512475487
+61 7691683206
+61 9209442954
+61 8110455980
+61 7997517859
+61 7413500450
+91 8645624256
+91 8815872367
+61 8133952631
+91 8451292282
+91 9320876197
+91 8910305101
+91 8201927307
+61 9027365859
+91 9639524818
+61 7190011987
+91 9258409741
+61 7962118517
+61 8739536039
+91 8495384941
+91 9916828791
+61 8608998219
+91 7456481820
+61 9987058999
+91 9769664174
+91 9658392784
+91 9001508214
+61 9272502749
+91 7892400512
+91 9977808231
+61 8664011356
+61 8940530207
+61 8031669953
+91 8271380328
+61 8936035920
+91 8785607402
+61 7428515031
+91 9637172884
+91 7600255301
+91 8996770384
+91 7650905123
+91 9505265815
+91 8717446782
+61 7801832446
+91 7259264540
+91 9207339463
+61 7943286283
+61 9084204713
+61 9376219595
+61 9612202675
+61 7944594783
+91 9298300317
+61 9002215233
+61 8886365836
+91 8782404993
+61 9235045863
+91 8253410944
+91 7614128543
+91 9965326690
+61 7082976650
+61 7619469425
+61 9481152004
+91 8922552975
+91 8189084957
+61 9672450925
+61 7394859092
+91 7552996679
+61 8053608867
+91 9684039543
+61 7346826807
+61 8136147072
+91 8074953629
+91 9940287240
+61 7310752281
+61 8029089164
+91 7902504509
+91 8119659478
+61 7647331393
+91 8911475497
+61 8997134759
+61 7122796478
+91 8876622317
+91 8105159357
+91 7584214514
+61 8643678487
+61 7853779980
+61 9655183698
+91 8236568042
+91 7920498463
+61 7800030057
+61 7354002090
+61 8733705057
+91 9086031728
+61 8101094596
+61 9044565884
+61 8095203697
+91 9284898316
+61 7864315979
+91 9122047591
+61 9264472151
+91 7616411124
+91 8410592016
+61 7979030652
+91 8842864966
+61 8555899687
+91 9905406192
+91 8720022861
+91 8751755897
+91 7197473600
+61 9349436785
+61 9762586959
+91 9242990638
+91 8525466036
+91 9073943995
+91 8287252281
+61 8741071215
+91 7282262281
+91 8447146135
+61 9665227271
+61 9629109715
+91 9701611446
+91 8377690598
+91 8587594915
+91 8466234538
+91 8203599469
+91 7788728623
+61 9920418954
+91 8124472442
+91 8634377280
+91 9316247899
+61 8833209196
+91 9225641182
+91 7003183539
+91 8002771399
+91 8999702850
+91 9495408257
+91 7920488525
+61 9969176011
+61 9758619575
+61 7471731672
+61 7148392564
+91 9253511489
+91 7869522693
+61 7669157296
+91 9251038793
+61 7310458997
+61 8228130515
+61 7631457427
+61 7711822159
+61 7402553219
+61 8834881457
+61 8998439054
+91 7517012933
+61 8183973779
+91 7115384080
+61 7103044318
+61 9429042518
+91 7759600543
+91 7050737110
+61 9920852791
+91 8418491978
+91 8807666362
+91 7105443412
+91 9260521452
+91 9481804290
+91 8542412049
+91 8765281855
+91 8098084972
+61 9891095173
+61 7098501720
+61 9426872744
+61 7933998270
+61 8668943389
+91 7077337785
+61 7459298097
+61 8649538137
+61 8450731831
+61 8873823787
+91 7298511091
+91 7497878214
+91 8894245191
+91 9216448696
+91 8017763507
+61 8258126461
+61 9254007873
+61 8444763000
+61 9010686134
+61 9083154264
+91 7158309399
+91 8422573745
+91 7416392590
+61 9010807424
+91 7690023168
+91 7651824745
+91 9768774249
+91 8858951487
+91 7814256488
+61 7229739447
+91 8621582723
+61 7161897756
+61 9758074756
+61 8171446731
+61 7166196236
+91 7253423798
+61 8730510711
+91 7659468347
+91 8561519963
+61 7975076991
+91 9950397573
+91 8282838270
+91 8087511688
+61 8443692181
+61 8129812716
+91 8603149078
+91 7492859885
+91 7279220800
+91 8306209636
+91 8098936563
+61 7854477261
+91 8819904059
+61 9741957192
+61 9047537092
+91 9067983350
+61 9562887579
+91 8649422412
+91 7777097538
+91 8977202003
+91 8595222934
+91 9337922132
+91 8390537750
+91 8049109228
+91 9484403539
+61 9571991621
+91 9734273285
+91 9812388068
+91 7907324974
+61 7442588557
+61 9580871357
+61 9603699401
+91 7186358012
+61 7721559486
+91 9954392418
+91 9512239432
+61 8676869204
+91 8794272029
+91 8335067577
+61 9654454769
+91 9402281760
+61 7770555557
+91 7547726418
+91 8467909449
+61 8215917929
+61 7588037771
+61 9290737073
+61 8487417300
+91 7980404862
+61 7562798367
+91 9003883196
+61 9051615311
+91 9557347649
+91 9907636043
+91 8083180725
+91 7117816489
+91 8858405446
+91 7496552429
+91 8029408892
+61 8852780413
+61 8140751335
+61 9982325500
+61 7690571588
+61 7341132060
+61 9914250391
+61 9521338319
+91 9755856499
+61 9473492420
+91 9925540217
+61 9781869870
+61 7156356489
+91 9147855346
+91 8186996762
+61 7584943663
+91 7873192388
+91 9258182758
+61 9400868646
+61 9752667869
+61 7390369211
+91 8994833816
+61 8249226264
+61 7498091070
+61 8457050703
+61 7389129029
+91 7486177697
+91 8717231205
+91 7769407727
+61 7578050246
+61 9300920725
+61 8129660467
+61 9910591120
+61 9687011178
+61 7962954792
+61 9309477792
+91 8493035809
+61 7679341505
+91 9030464870
+91 9025018846
+91 8283632804
+61 7474002905
+61 8699509210
+61 9827127173
+91 9336811913
+91 9484246048
+91 9101367648
+91 8257690555
+91 9033035996
+61 9026529002
+91 7236053734
+91 7915629507
+61 7998008085
+91 8733762620
+91 9846781169
+61 8168110288
+91 8219043513
+61 8209893501
+61 7697646180
+91 8328952143
+91 7311644635
+91 8910168540
+91 7205648030
+91 8819426871
+61 8000065935
+61 8956749695
+91 9483559217
+61 8494833672
+91 9211936185
+91 9906778302
+61 7842716230
+91 7770294358
+61 7417249575
+61 9581498046
+91 9409050369
+91 7139650505
+91 7580756162
+91 7696965695
+61 7975977569
+91 7677010735
+91 8090052620
+91 7097352081
+91 7357554348
+61 9537308815
+61 8713586435
+91 7655004067
+61 8464582101
+91 8091262052
+61 8896535272
+61 8569326237
+91 9796836010
+61 9674135789
+91 9828975766
+91 8744364491
+91 9698457616
+91 8233045414
+91 7469285924
+61 9176840312
+91 7550340981
+61 7232616137
+61 8045886803
+91 9431962236
+61 8128985958
+61 7078956890
+91 7085288612
+61 7534616908
+61 9191086565
+91 8532600378
+61 7838262191
+91 8329351913
+91 7791534467
+91 7091628245
+61 7356340801
+61 7994087431
+61 7539733419
+61 8364720252
+91 7913215218
+91 7289043979
+61 7757430603
+61 9021534977
+61 8266603977
+61 9958826484
+91 9039280326
+91 7486853100
+61 9099305874
+61 9860769871
+61 7245011977
+61 8912885821
+91 9235855060
+61 7819900046
+91 8005433204
+91 9272654352
+61 9818881388
+91 8361569193
+91 9785820938
+91 8786439303
+91 9735166877
+91 7104238920
+91 9090758989
+91 8778705691
+61 8193598799
+61 8951264866
+61 7927637663
+61 8231426962
+61 9934972254
+91 9797245248
+91 9596097808
+61 8071877834
+61 8816863717
+61 8086192303
+91 8688233485
+61 9927564980
+91 8655776733
+61 9813889174
